3
12
17
20
14
17
12
14
9
9
12
4
1
8
13
9
9
5
10
19
15
17
4
12
19
7
11
16
6
9
13
19
14
8
18
2
9
4
1
20
17
15
3
18
3
5
3
10
7
13
20
9
7
9
8
17
8
15
1
9
19
2
19
10
8
5
19
3
6
11
2
12
20
8
18
9
9
1
15
2
20
3
13
10
5
4
2
2
15
3
15
20
10
15
16
4
18
10
8
15
6
19
6
20
4
3
10
14
16
2
9
15
19
18
10
9
7
19
19
4
11
20
18
15
1
14
11
8
9
20
7
7
10
3
15
9
13
14
9
19
7
9
3
15
1
13
8
2
17
19
18
5
6
4
2
15
2
9
8
18
9
11
10
9
14
7
8
3
19
10
1
19
10
4
5
2
1
5
20
13
5
12
9
7
19
1
9
18
11
2
10
1
1
18
16
2
8
17
12
1
6
8
12
4
7
1
1
2
18
19
3
1
13
9
9
17
8
3
12
14
10
8
10
11
14
7
12
16
7
7
10
7
3
8
16
13
17
1
1
17
8
18
5
11
16
16
11
5
13
2
4
10
6
15
4
9
12
1
5
5
2
15
1
6
13
20
3
4
19
13
17
19
20
18
20
14
4
11
10
17
16
13
5
9
4
17
1
9
20
4
19
6
14
19
18
20
4
9
7
4
3
17
13
15
10
1
17
12
15
1
3
7
13
6
18
13
17
15
12
7
3
18
5
19
8
15
12
8
15
5
15
2
6
12
20
9
3
8
7
12
19
6
14
13
6
5
10
6
1
18
14
6
12
13
9
1
12
3
9
17
1
1
7
2
18
11
9
10
12
18
18
17
4
11
3
5
13
6
20
9
5
20
4
1
7
5
1
12
6
4
16
1
20
15
9
16
11
1
20
13
7
19
5
16
19
17
17
7
9
1
11
7
17
19
16
14
6
12
13
11
7
16
13
8
1
4
16
10
4
18
15
9
9
18
5
19
2
11
2
1
1
11
15
16
2
5
19
4
15
8
18
11
6
17
13
13
12
19
10
11
8
1
5
12
12
12
20
2
10
8
16
10
20
5
19
20
17
19
12
6
10
8
14
18
5
12
11
18
12
2
17
8
18
10
10
17
11
13
19
17
10
2
10
17
8
6
1
12
11
17
5
17
1
5
18
20
20
11
4
6
5
12
2
6
19
7
20
16
8
2
17
8
12
16
10
8
20
9
14
9
2
2
10
1
15
14
20
18
18
15
13
12
19
20
12
11
19
2
9
5
11
11
10
9
3
20
9
20
6
2
16
12
5
18
3
6
8
9
9
9
15
19
7
12
15
18
13
7
6
10
19
17
6
20
8
20
6
8
1
10
3
5
1
18
15
3
16
19
8
6
4
5
12
19
6
20
18
11
3
15
5
11
6
16
13
20
5
11
13
7
2
8
18
17
8
5
6
1
10
17
13
8
15
12
7
19
13
2
12
17
17
15
8
10
3
14
6
9
13
2
2
18
9
18
7
3
7
9
16
16
9
19
20
2
9
4
11
8
11
15
19
8
11
2
11
15
15
7
2
2
16
3
1
3
16
1
4
9
11
15
3
18
9
4
15
13
6
12
8
6
13
1
16
14
14
4
3
4
20
16
3
11
18
2
7
11
5
8
12
10
20
7
6
11
4
12
6
10
2
7
12
1
17
6
20
3
9
6
15
6
2
14
8
1
15
19
3
19
12
16
9
9
17
1
1
9
9
6
20
5
7
14
4
11
4
12
3
3
2
9
16
19
10
16
14
3
10
8
20
6
19
3
9
18
10
5
7
4
10
1
15
19
11
16
17
9
16
20
6
14
13
2
17
3
18
14
4
18
16
7
20
6
12
5
8
1
18
7
5
1
20
2
4
12
2
14
3
14
14
7
9
14
11
19
1
19
2
3
6
19
3
15
10
8
8
8
1
15
18
3
8
2
1
17
8
4
4
9
18
12
12
12
9
3
13
11
7
10
8
4
8
4
1
3
3
2
11
3
13
16
20
12
13
15
4
1
13
13
3
14
9
20
4
7
16
20
13
1
2
19
19
10
15
13
6
13
4
15
20
1
16
4
8
19
9
15
20
13
11
17
1
10
15
6
7
1
15
5
20
17
20
10
14
6
20
18
14
8
14
11
11
9
8
7
4
7
4
15
1
20
6
3
17
11
10
1
10
15
7
17
10
11
3
18
3
16
13
11
4
3
11
14
3
14
2
12
2
9
1
3
6
2
7
15
14
17
18
19
12
17